//0:商家名称 1:商家ID 2:商家App的名称 3:是否为大众版 4:是否为老服务器 5:是否有导航 6:导航的页数 7:Login背景图片Enable 8:Login颜色编号 9:其他颜色编号
//爱尚云通	10016	爱尚云通	1	1	0	0	0	0	1
//我信测试	8888	IOS测试	1	0	0	0	0	0	1
我信	10001	我信	0	1	1	4	1	0	0
黄金海岸	10002	黄金海岸	0	1	1	4	1	0	0
同乡会	10003	同乡会	0	1	1	4	1	0	0
青椒红椒	10004	青椒红椒	0	1	1	4	1	0	0
客家围	10005	客家围	0	1	1	4	1	0	0
大汉堡	10006	大汉堡	0	1	1	4	1	0	0
百变茶咖	10007	百变茶咖	0	1	1	4	1	0	0
小金鼎私厨	10008	小金鼎私厨	0	1	1	4	1	0	0
洞庭湖土鸭	10009	洞庭湖土鸭	0	1	1	4	1	0	0
打鱼人家	10010	打鱼人家	0	1	1	4	1	0	0
大汗烤羊腿	10011	大汗烤羊腿	0	1	1	4	1	0	0
湘乡小厨	10012	湘乡小厨	0	1	1	4	1	0	0
醉仙芙蓉	10013	醉仙芙蓉	0	1	1	4	1	0	0
寿乡人	10014	寿乡人	0	1	1	4	1	0	0
常湘聚	10015	常湘聚	0	1	1	4	1	0	0
汇鑫楼	10018	汇鑫楼	0	1	1	4	1	0	0
湘菜年代	10022	湘菜年代	0	0	1	4	1	0	0
五号餐馆	10023	五号餐馆	0	0	1	4	1	0	0
瑞姬娜	10021	瑞姬娜	1	1	0	0	0	1	1
我信科技	10020	我信	1	0	1	4	0	1	1
品一.我信	10017	品一.我信	1	0	1	4	0	1	1
健康之家	10019	健康之家	1	1	0	0	0	1	1
三弟钻盟	10024	三弟钻盟	1	0	0	0	0	1	1