我信	9	1057	3
我信云	7	1	24
我信云	100000	100000	100000
翔飞泡泡	10108	100001	100001
好好网络	10103	100002	100002
聚享乐城	10098	100003	100003
你我联盟	10130	100004	100004
神奇壮医方药	10131	100005	100005
美智商贸	10132	100006	100006
百汇百货	10133	100007	100007
悟空网	10134	100008	100008
我信通3.0		10135	100013	100013
深细堂	10120	100012	100012
广东智慧之光	10102	100010	100010
亿贷网	10084	100011	100011
奥柯尼照明	10136	100016	100016
好佳好水产	10037	100015	100015
金智丽服饰	10106	100014	100014
玉林智慧之光	10112	100017	100017
LED联盟	10137	100018	100018
聊吧	10138	100019	100019
帝皇家具	10139	100020	100020
贤忠茶酒业	10140	100021	100021
婵香服饰	10141	100022	100022
之生文化	10104	100023	100023
品一荟	10039	100025	100025
雪尔	10142	100024	100024
帝欧国际	10101	100027	100027
满城亨达	10143	100026	100026
鑫鼎华餐饮	10118	100031	100031
飞越天峰	10110	100028	100028
唯思美女装	10115	100029	100029
海纳百慕	10125	100030	100030
微琪哲商盟	10144	100032	100032
八点太阳	10111	100033	100033
瑞丰农商	10145	100034	100034
天敬照明	10094	100035	100035
聚人聚美	10146	100036	100036
易驾校	10147	100037	100037
广西瑞阁	10148	100038	100038
锦昌汽修	10149	100039	100039
新世泰	10150	100040	100040
好试免费领	10127	100041	100041
爱恩宝	10096	100042	100042
康赢优购	10156	100048	100048
杰克E基	10151	100043	100043
康宏医药	10152	100044	100044
玉林爱·美艺	10153	100045	100045
安踏运动	10154	100046	100046
灵杏	10155	100047	100047
安丰医药	10126	100051	100051
趣购	10157	100049	100049
继兴熟食	10158	100050	100050
三十三度空间	10159	100052	100052
阿雷佐照明	10129	100054	100054
喜麒麟照明	10123	100053	100053
非常明	10109	100057	100057
北京柯兴	10160	100056	100056
盛开之光	10161	100058	100058
欧普水晶灯饰	10162	100059	100059
一秒数码	10163	100060	100060
白金假日美容	10165	100062	100062
皇家龙船酒业	10166	100063	100063
美澳思国际城	10168	100065	100065
尊贵酒业	10167	100064	100064
二叔婆	10170	100067	100067
华润漆	10171	100068	100068
中强易购	10169	100066	100066
诺华机电	10172	100072	100072
保定中互联	10173	100069	100069
霍尼韦尔朗能	10174	100070	100070
雅点联体开关	10175	100071	100071
彼尚娱乐	10164	100061	100061
嘉德名车	10176	100073	100073
盐城智慧之光	10177	100074	100074
优悠美鞋美装	10124	100075	100075
益心大药房	10178	100076	100076
翱鹰国际	10179	100077	100077
精恒滚光	10180	100078	100078
瑞朗3D	10181	100079	100079
足生堂	10182	100080	100080
金童娃	10183	100081	100081
小白龙	10187	100085	100085
荣达网络	10184	100082	100082
帝梵尼家居	10185	100083	100083
雲裳莉影	10186	100084	100084
环球手机	10188	100086	100086
廊坊我信云	10189	100087	100087
保定种苗公司	10190	100089	100089
思源汽贸	10191	100090	100090
港版店凯纳挞	10192	100091	100091
博森	10194	100093	100093
浏阳美灯多	10193	100092	100092
绿洲种业	10195	100094	100094
福万家家具城	10196	100095	100095
云	10197	100096	100096
蜘蛛网	10087	100088	100088
世纪医微通	10198	100097	100097
金玉满堂	10114	100098	100098
弘德商城	10128	100099	100099
保定我信云	10199	100100	100100
亚厦蘑菇+		10200	100101	100101
衡水我信云	10201	100102	100102
珠宝汇	10202	100103	100103
阳光租车	10203	100104	100104
安然纳米汗蒸	10204	100105	100105
我信科技	10205	100106	100106
城市名人酒店	10206	100107	100107
西顶	10207	100108	100108
华联购物广场	10208	100109	100109
星贸食品	10062	100110	100110
日月轩	10209	100111	100111
三维集团	10210	100112	100112
欧帝家居	10211	100113	100113
小白龙照明	10212	100114	100114
好望角商学院	10213	100115	100115
供销云商城	10214	100116	100116
海之源乳品	10215	100117	100117
Dearme	10216	100119	100119
临沂丰邦汽配	10217	100120	100120
芳之颜美容	10218	100121	100121
特惠商盟	10219	100123	100123
昆明租车	10220	100124	100124
百嘉莉	10038	100122	100122